0.18
0.04
-0.38
-0.25
0.19
-0.66
-0.62
-0.01
-0.06
0.04
-0.79
-0.78
0.13
-0.22
0.11
-0.50
0.97
-0.28
-0.23
-0.53
-0.17
-0.67
-0.76
-0.27
-0.46
-0.51
0.23
0.11
0.43
1.06
-0.90
-0.45
0.09
0.01
-0.64
-0.86
-0.81
-0.20
-0.43
-0.33
-0.25
0.03
-0.42
0.78
-0.34
0.15
-0.50
-0.09
0.22
0.47
-0.52
-0.92
-0.10
-0.22
-0.15
0.20
-0.33
0.37
-0.39
-0.24
0.01
-0.97
0.55
-0.67
0.11
-0.66
-1.03
-0.46
-0.08
-0.22
-0.36
-0.45
-0.10
-0.53
-0.57
0.67
-1.03
-0.06
-0.62
-0.19
-0.39
0.31
0.36
-0.50
0.19
-0.13
-1.06
0.09
0.10
-0.66
-0.75
-0.24
0.04
-0.38
-0.31
0.72
-0.70
-0.06
-0.01
0.25
-0.37
-1.25
-0.32
-0.33
-0.25
0.00
-0.69
-0.22
-0.06
-0.61
-0.64
-0.39
0.00
-0.38
-0.04
-0.84
0.37
-1.12
-0.43
-1.20
0.74
0.24
-0.37
-0.60
-0.11
0.19
1.53
-1.41
-2.91
-0.69
1.32
1.20
1.63
0.05
-2.92
-1.02
1.00
4.18
1.58
2.05
1.40
0.47
-0.90
0.24
-2.03
-0.83
1.02
-3.15
-2.62
1.78
1.84
2.70
1.03
-0.27
1.89
2.10
-2.85
-1.55
-0.79
0.33
3.92
1.13
-0.76
-0.94
-2.67
2.66
2.25
3.45
0.98
-2.57
-3.40
2.35
0.09
2.06
3.94
2.53
1.63
-1.07
0.43
0.52
-0.85
2.76
-0.58
-2.56
2.53
3.84
0.56
0.03
-2.68
-2.48
-0.86
0.62
3.05
3.79
-0.70
2.99
-2.40
-1.70
-1.00
0.46
2.52
-1.03
1.91
3.93
0.57
-1.87
-2.99
0.42
-1.02
1.50
3.04
3.26
0.50
-0.97
-2.57
0.46
0.51
0.90
2.35
-1.82
-3.01
-0.98
-0.70
2.11
2.15
-2.92
0.32
-1.64
2.91
1.87
-2.96
-1.11
1.89
1.20
4.21
-1.04
-1.73
-1.96
2.39
0.43
-0.42
2.94
3.47
10.80
14.34
11.00
7.22
7.36
9.32
11.22
7.06
8.18
8.23
3.90
5.43
7.79
9.51
4.03
5.48
5.00
2.72
3.37
-0.62
-6.27
-9.85
-11.70
-16.84
-22.09
-22.86
-16.17
-20.22
-17.46
-15.40
-14.17
-12.89
-11.90
-8.32
-7.48
-6.00
-2.45
0.41
1.73
0.67
-0.34
-0.95
-0.22
0.23
0.28
-1.03
-1.08
0.25
-0.32
0.29
-1.00
-0.92
-0.31
1.26
0.00
-1.18
-1.11
-0.24
0.57
-0.55
-1.65
-0.27
0.14
0.43
0.19
-0.74
-0.17
0.47
0.17
-0.43
0.18
0.51
0.34
-0.25
-0.79
0.28
-0.03
0.60
0.00
-1.32
0.22
-0.88
0.10
-0.45
-0.72
-0.52
0.81
-0.45
-0.24
0.00
-0.70
0.14
-1.37
-0.78
