330 0.64
344 0.74
368 0.64
388 0.74
398 0.64
430 0.64
434 0.54
440 0.64
454 0.54
460 0.54
468 0.54
472 0.44
478 0.34
478 0.34
486 0.34
492 0.24
496 0.24
504 0.14
528 0.04
540 0.04
540 0.04
544 -0.06
544 -0.36
564 -0.46
566 -0.56
566 -0.66
568 -0.66
594 -0.76
600 -0.76
600 -0.86
598 -0.96
600 -1.16
608 -1.46
616 -1.86
626 -1.36
638 -1.46
638 -1.46
644 -1.06
646 -1.16
650 -1.26
656 -1.26
656 -1.56
662 -1.06
662 -0.56
672 -0.76
672 -0.86
674 -0.76
674 -1.06
674 -0.56
694 -0.06
696 -0.36
696 0.74
712 1.24
712 1.14
714 0.44
720 1.24
722 0.84
722 1.44
726 1.64
730 1.44
730 0.04
742 0.74
742 -1.06
742 -0.76
742 -0.66
744 0.04
756 -0.56
756 -0.06
754 0.24
770 0.64
772 1.74
774 1.64
774 2.14
776 1.24
784 0.94
786 1.24
788 -0.06
790 0.24
792 -0.76
794 -0.36
796 -1.26
800 -1.76
798 -2.26
800 -2.16
798 -2.16
800 -1.66
798 -0.76
800 0.24
800 -0.46
802 -0.56
802 -1.16
804 -1.16
804 -0.46
804 0.94
804 1.54
810 2.04
810 0.44
810 0.84
810 -0.56
812 -0.46
810 -0.36
810 0.04
812 -0.16
816 -0.06
814 1.34
814 0.34
814 0.64
816 0.54
816 0.14
816 0.14
816 1.34
816 1.34
816 2.14
824 0.54
828 0.54
830 0.04
830 -1.46
830 -1.46
834 0.04
834 0.24
836 0.24
846 -0.46
848 -0.36
848 0.24
848 0.24
848 0.14
848 0.24
848 0.34
848 0.54
850 0.14
848 0.04
850 0.54
856 0.84
856 0.34
858 0.94
858 -0.36
858 -0.36
862 0.44
866 1.14
874 1.94
874 1.24
876 1.34
880 1.74
878 1.34
878 1.74
880 1.14
878 0.84
878 -0.36
880 -0.56
880 -1.06
880 -1.06
880 -1.46
882 -1.46
880 -0.76
888 -1.26
888 -0.86
886 -1.96
888 -1.36
888 -1.36
894 -0.96
900 -1.06
902 -0.46
902 0.34
902 1.34
902 0.84
902 1.04
902 1.44
902 0.64
902 -1.06
902 -1.26
900 -0.46
900 -0.06
900 0.14
900 -0.06
900 0.04
900 0.14
900 -1.36
902 -1.96
902 -1.96
902 -1.96
902 -1.66
902 -1.36
902 -1.46
904 -1.46
902 -1.26
902 -0.86
902 -0.66
902 -1.36
902 -1.56
902 -1.26
902 -1.96
902 -1.96
902 -1.86
902 -2.46
900 -2.16
900 -1.86
902 -1.46
902 -1.56
902 -1.76
902 -2.06
902 -1.86
902 -1.16
902 -2.26
902 -1.86
902 -1.86
902 -2.06
902 -1.66
902 -1.56
902 -1.16
902 -0.16
900 -0.66
902 -0.66
902 -1.06
902 -1.36
902 -1.36
902 -1.46
902 -1.96
902 -1.56
902 -2.86
902 -3.46
902 -4.96
902 -7.06
902 -8.96
902 -10.86
902 -12.46
902 -13.16
902 -13.56
902 -12.56
902 -10.76
902 -8.96
902 -7.66
902 -6.86
902 -5.66
902 -4.66
906 -4.76
914 -4.96
914 -4.76
912 -3.76
912 -2.76
912 -0.96
914 0.34
912 0.44
914 1.64
914 1.14
914 1.64
914 2.94
914 3.04
914 4.04
914 3.94
912 4.74
914 5.84
914 6.44
924 6.04
924 6.34
924 7.04
924 6.94
924 8.44
924 9.64
924 10.44
924 11.64
924 12.24
924 13.14
924 12.74
924 13.74
924 14.84
924 14.64
924 13.34
924 10.84
924 8.24
924 5.34
924 3.54
924 1.74
924 -0.36
924 -1.46
924 -1.86
924 -3.26
924 -3.16
922 -3.26
920 -3.16
920 -3.66
920 -3.66
920 -4.06
920 -4.06
918 -4.46
920 -4.46
920 -4.86
920 -5.16
920 -4.66
920 -4.56
920 -4.76
920 -4.76
920 -4.36
920 -2.96
920 -0.36
918 2.14
920 2.44
918 3.44
918 5.24
918 5.04
918 5.64
918 6.84
918 9.54
918 10.04
918 9.64
918 8.14
918 8.44
918 9.94
918 10.64
918 10.54
918 9.14
918 7.14
918 7.24
916 8.34
918 8.94
918 9.44
918 9.94
918 9.04
916 7.24
918 4.84
918 4.34
918 5.24
918 5.94
918 6.54
916 6.74
918 7.94
918 9.74
918 9.44
918 9.94
918 10.14
918 10.04
918 8.74
918 8.24
918 7.84
918 7.74
916 7.84
918 7.64
918 7.14
918 7.74
918 8.94
918 8.94
918 9.14
918 8.74
918 8.44
918 6.64
916 4.04
918 3.64
918 4.04
918 4.14
918 4.74
918 4.44
918 4.64
918 5.34
920 5.24
920 5.14
920 4.44
922 4.04
920 4.24
922 4.14
922 4.34
924 4.94
924 5.04
924 4.64
924 5.04
924 4.94
924 4.54
926 4.54
924 4.24
924 4.44
924 4.94
924 5.14
924 5.44
924 5.24
924 4.94
924 5.44
924 4.34
924 4.74
924 5.34
924 5.34
924 5.34
924 5.74
924 5.64
924 5.94
924 6.14
924 5.24
924 5.64
924 5.54
924 5.34
924 5.54
924 5.74
922 5.34
924 5.84
922 5.94
922 5.34
922 5.24
920 5.14
922 5.74
920 6.34
922 6.24
920 6.74
922 6.74
918 6.74
918 4.04
918 3.44
920 3.44
920 3.04
918 2.94
920 1.84
918 1.44
920 -0.16
920 -1.26
920 -2.36
920 -2.66
920 -2.46
920 -1.86
918 -2.06
918 -2.56
920 -1.86
918 -1.86
918 -2.66
918 -2.46
918 -2.46
918 -2.56
918 -2.26
918 -1.86
920 -1.16
918 -0.76
920 -0.26
920 -0.46
920 -0.96
918 -0.36
920 -1.26
920 -1.06
918 -1.06
920 -1.36
920 -0.76
920 -1.06
920 -0.76
920 -0.36
918 -1.06
920 -1.36
920 -1.76
920 -2.36
920 -2.16
920 -2.96
926 -3.16
928 -2.86
926 -2.76
926 -2.56
926 -2.06
926 -0.86
924 -0.46
924 0.44
926 0.84
926 2.24
926 2.94
924 3.84
924 3.94
924 5.14
924 4.84
924 5.84
924 6.24
924 7.54
924 8.54
924 8.84
924 10.24
924 10.74
924 11.74
924 11.44
924 10.94
924 10.24
924 9.24
924 8.14
924 8.24
924 7.54
924 8.34
922 8.04
920 8.24
920 8.14
918 6.84
918 5.14
912 4.14
910 4.04
906 4.34
908 4.64
908 3.54
910 3.34
908 3.84
908 5.34
908 7.14
908 7.44
908 6.14
910 4.74
908 2.84
910 -0.06
908 -3.66
910 -5.56
908 -5.66
908 -5.06
908 -5.26
910 -5.56
910 -4.76
908 -3.86
910 -4.06
908 -4.46
910 -4.46
908 -3.66
908 -2.36
908 -1.66
908 -1.76
910 -1.66
908 -2.46
910 -2.56
908 -2.26
906 -0.96
908 0.14
908 -0.66
908 -1.26
908 -0.66
908 -0.46
910 -2.06
908 -2.26
906 -1.56
910 -1.16
908 -0.86
906 -0.26
906 0.44
906 1.24
906 -0.46
894 0.04
816 0.94
774 0.54
678 0.54
538 0.24
