-0.10
-0.20
-0.50
-0.30
-0.20
0.00
-0.30
-0.40
-0.40
-0.20
-0.20
-0.20
-0.20
-0.30
-0.40
-0.30
-0.20
-0.10
-0.10
-0.20
-0.20
-0.20
-0.20
-0.40
-0.50
-0.30
-0.10
0.00
-0.10
-0.10
-0.20
-0.20
-0.20
-0.10
-0.30
-0.10
-0.1
-0.3
-0.3
0
0.3
0.7
1.1
1.6
2.1
2.9
3.7
4.5
5.1
5.8
6.6
7.3
8
8.6
9
9.6
10
10.4
10.7
10.9
10.9
11
11.1
11.1
11
10.8
10.7
10.5
10.4
10.1
9.7
9.4
9.3
9.1
8.9
8.6
8.4
8.3
8.1
7.9
7.8
7.8
7.7
7.5
7.5
7.5
7.4
7.4
7.4
7.4
7.4
7.5
7.5
7.5
7.5
7.5
7.6
7.7
7.7
7.7
7.8
7.7
7.7
7.8
7.8
7.8
7.8
7.8
7.8
7.8
7.7
7.7
7.7
7.7
7.6
7.6
7.6
7.6
7.7
7.7
7.7
7.7
7.8
7.8
7.8
7.8
7.8
7.9
8
8
8.1
8.1
8.1
8.2
