-0.40
-0.40
-0.50
-0.50
-0.50
-0.50
-0.40
-0.40
-0.50
-0.50
-0.50
-0.50
-0.50
-0.40
-0.40
-0.40
-0.50
-0.50
-0.50
-0.50
-0.40
-0.40
-0.40
-0.50
-0.50
-0.50
-0.50
-0.40
-0.40
-0.40
-0.50
-0.50
-0.50
-0.40
-0.40
-0.40
-0.40
-0.40
-0.60
-0.40
0.00
0.10
0.10
-0.10
-0.20
-0.20
-0.40
-0.70
-0.50
-0.40
-0.10
-0.20
-0.30
-0.10
0.00
0.00
-0.20
-0.30
-0.10
0.00
-0.30
-0.50
-0.70
-0.30
0.00
0.10
-0.10
-0.40
-0.30
-0.10
-0.10
-0.20
-0.50
-0.30
-0.20
0.00
-0.30
-0.40
-0.40
-0.20
-0.20
-0.20
-0.20
-0.30
-0.40
-0.30
-0.20
-0.10
-0.10
-0.20
-0.20
-0.20
-0.20
-0.40
-0.50
-0.30
-0.10
0.00
-0.10
-0.10
-0.20
-0.20
-0.20
-0.10
-0.30
-0.10
-0.20
-0.20
-0.50
-0.40
-0.20
0.00
-0.10
-0.30
-0.30
-0.30
-0.10
-0.10
-0.10
-0.10
-0.40
-0.20
-0.30
-0.40
-0.40
-0.40
-0.30
-0.30
-0.20
-0.30
-0.20
-0.20
-0.10
-0.10
-0.10
-0.20
-0.30
-0.50
-0.40
-0.30
2.20
6.70
9.20
10.50
8.90
7.40
8.20
9.20
8.70
7.50
6.80
7.10
7.80
8.00
7.70
7.70
8.10
8.70
8.80
8.20
7.40
7.40
7.80
8.30
8.50
8.20
7.80
7.70
7.80
8.10
8.40
8.40
8.10
7.90
7.80
7.80
8.00
8.00
8.10
8.10
8.00
7.80
7.90
7.90
8.10
8.20
8.10
7.90
8.00
6.30
2.30
-2.40
-3.80
-3.30
-2.10
-0.60
0.70
0.90
0.70
0.40
0.40
0.30
0.00
-0.30
-1.00
-1.00
-0.60
-0.10
0.00
0.00
-0.20
-0.30
-0.10
-0.10
0.00
0.00
-0.40
-0.40
-0.60
-0.40
-0.20
-0.20
-0.30
-0.30
-0.30
-0.50
-0.70
-0.80
-0.70
-0.50
-0.30
-0.10
-0.30
-0.50
-0.70
-0.70
-0.60
-0.40
-0.40
-0.50
-0.70
-0.70
-0.70
-0.50
-0.40
-0.40
-0.50
-0.60
-0.60
-0.50
-0.40
-0.30
-0.40
-0.50
-0.50
-0.50
-0.50
-0.40
-0.40
-0.40
-0.50
-0.50
-0.50
-0.50
-0.50
-0.40
-0.40
-0.40
-0.50
-0.50
-0.50
-0.50
-0.40
-0.40
-0.40
-0.50
-0.50
-0.50
-0.50
-0.50
-0.40
-0.40
-0.50
-0.50
-0.50
-0.50
-0.50
-0.40
