
662 -0.30
664 -0.90
670 -1.20
672 -0.90
688 -0.80
702 -1.10
702 -1.10
720 -0.60
724 -0.70
724 -0.80
726 -0.50
742 -0.30
742 -0.50
742 0.40
744 0.50
764 0.20
766 0.30
774 0.80
774 1.20
776 1.00
786 1.00
788 1.90
792 3.00
796 2.70
796 1.70
796 0.80
798 0.50
798 1.40
798 1.60
798 1.20
800 -0.30
804 -2.40
804 -2.90
806 -3.00
806 -3.20
812 -4.00
826 -3.10
840 -3.30
840 -3.80
840 -3.50
844 -4.00
850 -3.30
850 -1.50
850 -0.10
848 0.60
848 1.30
850 2.70
850 3.50
850 4.30
850 5.70
850 7.40
850 6.30
850 4.30
850 3.80
850 3.70
850 3.00
850 1.70
850 0.40
850 -0.40
852 -1.20
864 -2.70
868 -3.10
870 -3.40
870 -4.00
872 -4.80
876 -4.20
878 -2.90
886 -3.20
888 -2.80
886 -1.70
888 -0.50
890 0.10
894 1.40
894 1.10
894 0.20
894 -0.30
894 1.10
896 2.30
894 2.50
894 1.90
896 1.20
898 0.90
896 0.50
898 0.70
900 1.80
900 1.10
902 -0.80
904 -1.30
904 0.70
904 1.70
904 1.10
904 1.00
904 0.40
904 -1.30
904 -0.90
906 -0.60
906 0.80
920 -0.30
920 -2.10
924 -1.70
924 -0.20
924 0.30
928 0.70
930 0.70
932 0.00
934 0.20
934 0.70
934 0.50
932 0.90
932 1.80
932 2.60
932 2.50
932 1.30
934 1.10
934 0.40
934 -0.10
938 0.30
940 0.70
944 -0.10
950 -1.70
948 -0.60
946 0.20
946 -2.10
946 -3.00
946 -2.40
946 -0.20
948 -0.30
948 0.20
950 -0.10
952 -0.40
940 0.90
926 1.50
906 0.20
898 -0.40
896 0.80
880 1.80
872 2.90
866 3.80
872 3.50
874 3.00
876 1.80
898 0.40
904 -0.80
904 -2.20
906 -3.10
912 -2.60
912 -1.40
922 -2.90
930 -3.90
930 -2.80
932 -1.20
930 -0.60
930 -0.40
930 0.40
930 0.60
932 0.60
932 0.50
934 1.40
938 1.10
938 1.10
940 0.70
942 1.40
942 2.40
944 2.30
946 3.20
948 3.20
948 1.70
954 2.00
954 2.30
954 2.10
954 1.10
954 0.20
952 -0.70
952 -1.50
952 -1.60
952 -2.20
952 -2.90
954 -2.30
962 -2.40
966 -2.30
974 -2.00
978 -2.50
990 -1.10
992 -0.80
992 -1.10
994 -0.50
992 0.80
992 1.40
992 2.70
990 3.00
988 3.00
988 2.40
988 3.10
992 2.50
994 2.60
996 2.80
996 2.70
996 2.00
998 0.90
996 -0.20
996 -0.80
996 -2.20
996 -2.50
994 -2.90
994 -2.70
992 -2.10
994 -1.60
972 -2.20
948 -1.70
924 -0.30
926 0.70
888 1.40
878 2.40
874 2.30
862 1.30
862 2.00
868 3.50
888 3.40
900 2.50
902 2.20
902 1.90
902 0.50
904 -0.80
904 -2.90
912 -3.20
910 -2.30
912 -2.40
910 -3.30
910 -3.80
908 -3.40
910 -3.10
910 -3.40
910 -3.90
910 -2.80
908 -2.00
908 -0.50
910 0.40
908 0.30
906 1.10
904 2.70
894 2.90
870 2.50
870 2.00
868 1.80
868 1.60
866 0.80
868 0.40
866 -0.10
866 -1.00
868 -2.20
866 -2.30
852 -2.20
854 -1.10
848 -0.50
848 -0.20
850 0.40
850 0.70
854 1.50
862 3.10
864 4.80
862 6.60
862 5.90
870 4.40
876 2.00
878 2.00
880 1.80
880 -0.70
884 -2.60
886 -2.70
890 -3.10
894 -2.30
904 -2.10
906 -3.10
904 -3.80
904 -2.90
904 -0.80
904 -0.10
904 0.30
900 1.00
900 0.10
900 0.20
898 1.80
898 2.20
896 0.30
896 -0.20
894 1.30
898 2.90
896 2.90
894 0.90
894 1.50
888 2.80
880 3.70
876 3.90
874 2.90
876 1.90
876 1.80
876 1.40
876 0.90
878 0.10
876 -1.00
880 -2.40
882 -4.20
882 -4.60
882 -2.80
882 -0.50
882 0.20
882 -0.30
882 0.80
882 3.90
882 5.80
882 6.10
882 6.20
882 6.20
880 6.60
882 7.00
882 7.30
882 7.40
882 7.20
882 7.20
882 7.50
882 7.70
880 7.90
882 8.40
882 9.70
882 11.30
882 11.40
882 11.30
882 11.20
882 10.20
882 9.50
882 9.00
882 8.70
880 8.90
882 9.30
882 9.70
882 10.10
882 10.50
882 11.00
882 11.60
886 12.00
888 12.00
888 11.60
888 11.50
888 11.10
888 10.70
888 10.50
886 10.60
888 10.90
886 11.30
888 11.90
888 12.50
888 13.30
894 14.00
900 13.30
900 11.90
900 11.60
900 12.00
900 12.60
900 12.90
898 12.00
898 10.80
898 9.70
898 7.50
898 5.80
896 5.40
896 5.60
896 5.10
896 4.50
896 4.00
896 3.30
898 2.90
898 2.60
898 0.90
896 -0.40
896 -0.50
898 -0.20
898 -0.50
898 -3.10
898 -4.30
898 -3.00
898 -2.10
898 -1.70
898 -1.00
896 -0.40
896 0.70
898 0.80
896 -0.20
896 -0.80
896 -0.10
896 1.80
898 1.40
898 0.10
898 -0.60
898 0.90
898 2.30
900 1.00
900 -0.20
900 -0.40
898 0.60
900 0.60
898 0.70
900 1.40
900 2.80
898 3.00
898 3.30
898 3.00
896 1.20
896 0.30
896 0.20
898 -0.20
898 -1.00
898 -1.70
898 -0.90
898 -1.10
900 -1.10
900 -0.60
900 -1.10
900 -1.90
900 -1.10
900 -1.30
898 -2.40
898 -2.30
898 -0.80
898 0.00
898 0.40
898 0.30
898 -0.60
898 -0.70
896 0.50
896 2.30
896 3.90
896 3.50
898 3.50
898 5.40
898 8.40
898 9.00
900 10.10
896 11.60
896 11.00
898 10.40
898 10.60
894 10.40
894 8.90
896 7.80
896 7.10
898 6.60
896 6.20
898 5.80
896 5.60
894 7.00
896 8.60
896 7.30
898 6.90
896 6.90
896 6.30
898 6.10
898 6.10
898 6.10
896 7.10
896 9.50
896 11.00
898 9.60
898 9.00
898 8.60
898 8.10
898 7.80
896 7.90
896 8.30
896 9.20
898 10.50
898 11.30
900 11.90
900 12.70
900 13.60
900 14.20
900 13.50
900 12.90
900 13.00
900 13.60
900 14.40
900 14.40
900 13.40
900 13.10
898 13.20
898 13.20
898 12.40
898 11.60
898 10.50
898 9.70
900 9.40
898 9.50
900 9.70
900 9.70
898 8.90
900 7.70
898 7.00
898 6.70
898 6.90
898 7.10
898 6.80
896 5.60
896 4.90
894 4.20
894 2.40
894 0.30
892 -0.50
894 -0.50
892 -1.90
892 -2.20
892 -2.20
892 -2.10
892 -1.30
888 -1.70
886 -3.20
868 -3.40
862 -2.60
810 -2.80
700 -1.90
62 -0.10
0 2.10
0 4.60
0 6.90
0 9.40
0 11.70
0 13.90
0 15.60
0 17.00
0 18.10
0 18.70
0 18.90
0 19.00
0 18.80
0 18.70
0 18.60
0 18.60
0 18.60
0 18.60
0 18.60
0 18.60
0 18.60
0 18.50
0 18.60
0 18.60
0 18.60
0 18.60
0 18.60
0 18.60
0 18.60
0 18.60
0 18.60
0 18.60
0 18.60
0 18.70
0 18.70
0 18.60
0 18.60
0 18.70
0 18.70
0 18.60
0 18.60
0 18.60
0 18.60
0 18.60
0 18.60
0 18.60
0 18.50
0 18.50
0 18.50
0 18.50
0 18.60
0 18.50
0 18.50
0 18.50
0 18.40
0 18.40
0 18.40
0 18.40
0 18.40
0 18.40
0 18.40
0 18.30
0 18.30
0 18.40
0 18.30
0 18.40
0 18.60
0 19.10
0 19.90
0 21.10
0 22.70
0 24.70
0 26.90
0 29.20
0 31.40
0 33.20
0 34.30
0 34.90
0 34.90
0 34.40
0 33.70
0 33.30
0 33.10
0 33.20
0 33.30
0 33.40
0 33.30
0 33.30
0 33.30
0 33.30
0 33.30
0 33.30
0 33.30
0 33.30
0 33.30
0 33.30
0 33.30
0 33.30
0 33.30
0 33.30
0 33.30
0 33.30
0 33.30
0 33.30
0 33.30
0 33.30
0 33.30
0 33.30
0 33.30
0 33.30
0 33.30
0 33.30
0 33.30
0 33.30
0 33.30
0 33.30
0 33.30
0 33.30
0 33.30
0 33.30
0 33.30
0 33.30
0 33.40
0 33.30
0 33.40
