-1.30
-1.20
-0.70

-0.70
-0.70
-0.70
-0.70
-0.80
-0.90
-0.80
-0.60
-0.50
-0.30
-0.40
-0.30
0.00
2.00
5.00
6.90
7.20
7.90
9.10
10.60
11.30
10.80
10.50
10.50
10.20
9.90
9.40
9.00
8.10
7.10
6.50
6.50
6.50
6.50
6.80
7.10
7.10
7.30
7.20
7.40
7.60
8.30
8.60
8.50
8.30
8.50
8.60
8.60
8.90
8.90
8.70
8.90
8.60
8.30
8.10
7.70
7.50
7.30
7.50
7.60
7.60
7.60
7.40
7.40
7.40
7.40
7.70
8.00
8.10
8.40
8.50
8.40
8.40
8.20
8.00
8.00
8.00
7.50
5.70
2.80
0.90
0.40
0.00
-1.30
-2.90
-3.60
-3.50
-3.20
-3.10
-2.80
-2.10
-1.10
0.00
0.50
1.10
1.30
1.40
1.10
1.10
1.00
1.10
0.80
0.90
0.90
0.30
-0.10
-0.50
-0.90
-1.00
-1.40
-1.40
-1.20
-1.30
-1.40
-1.30
-0.90
-0.80
-0.50
-0.20
-0.10
0.00
-0.10
0.30
0.50
0.90
0.70
0.90
0.60
0.50
0.20
0.00
-0.20
-0.50
-0.50
-0.40
-0.20
-0.20
-0.30
-0.20
0.00
-0.10
-0.10
-0.30
-0.40
-0.50
-0.60
-0.70
-1.00
-1.00
-0.90
-0.80
-0.60
-0.60
-0.60
-0.30
-0.30
-0.10
0.10
0.10
0.20
0.20
0.20
0.30
0.20
0.10
0.20
0.00
0.00
0.00
-0.10
-0.20
-0.20
-0.10
-0.40
-0.50
-0.60
-0.30
-0.40
-0.40
1.10
4.10
6.90
7.40
7.50
8.40
9.60
10.80
11.40
11.30
10.80
10.40
9.80
9.50
8.70
7.80
7.20
6.90
6.80
6.60
7.00
7.00
7.20
7.50
7.40
7.70
7.80
7.80
7.90
7.80
7.80
8.10
8.40
8.40
8.20
8.10
8.30
8.40
8.40
8.50
8.40
8.20
8.10
8.00
7.80
6.90
4.30
1.60
0.60
0.10
-0.70
-2.20
-3.40
-3.60
-3.30
-3.10
-3.00
-2.40
-1.40
-0.50
0.00
0.30
0.70
1.30
1.30
1.40
1.40
1.40
1.40
1.20
0.80
0.20
0.00
-0.40
-0.90
-1.30
-1.60
-1.60
-1.70
-1.80
-1.80
-1.60
-1.30
-0.50
0.20
0.70
0.70
0.70
0.90
0.90
0.70
1.60
3.90
6.60
8.40
8.40
8.50
9.40
10.70
11.20
11.10
10.80
10.40
10.10
9.40
8.30
7.70
7.20
7.20
6.90
6.60
6.80
6.90
7.00
7.30
7.20
7.50
7.60
7.70
7.70
7.70
7.90
8.10
8.50
8.30
8.40
8.50
8.80
8.60
8.30
8.10
8.10
8.10
8.00
8.40
8.40
8.30
8.30
8.20
8.00
7.90
7.60
7.60
7.60
7.50
7.80
7.50
5.40
2.30
0.50
0.10
-0.10
-1.50
-2.90
-3.50
-3.20
-3.10
-3.20
-3.00
-2.30
-1.50
-0.60
0.00
0.50
1.00
1.40
1.70
1.80
1.80
1.60
1.10
0.80
0.60
0.10
-0.40
-1.10
-1.20
-1.10
-0.90
-1.10
-0.90
-0.80
-0.10
0.60
0.70
0.60
0.50
0.60
0.80
0.70
0.40
0.40
0.10
0.00
-0.20
-0.40
-0.50
-0.80
-0.90
-1.00
-1.10
-0.90
-0.80
-0.80
-0.70
-0.50
0.00
0.00
0.10
0.30
0.50
0.30
0.30
0.20

