-0.60
-0.60
-0.90
-0.90
-0.80
-0.60
-0.80
-0.60
-0.70
-0.60
-0.30
0.10
0.70
0.60
0.40
0.30
0.10
0.00
0.00
0.00
-0.20
-0.40
-0.20
-0.10
-0.30
-0.60
-0.60
-0.50
-0.50
-0.50
-0.50
-0.50
-0.50
-0.50
-0.50
-0.20
0.00
0.10
0.10
0.30
0.10
0.20
0.30
0.20
0.10
0.00
0.00
0.00
0.00
-0.10
1.20
4.20
6.90
8.20
9.00
9.70
10.60
11.40
11.60
11.20
10.50
10.00
9.20
8.10
7.10
6.60
6.30
6.30
6.40
6.40
6.80
7.00
7.10
7.30
7.90
8.40
8.60
8.80
8.70
8.50
8.40
8.60
8.80
8.60
8.70
8.50
8.20
7.80
7.70
7.80
7.70
7.90
7.80
7.60
7.30
7.30
7.40
7.30
7.40
7.60
7.70
8.10
8.40
8.50
8.40
8.50
8.60
8.60
8.80
9.00
8.60
8.30
7.80
7.50
7.40
7.30
7.40
7.30
7.40
7.40
7.40
7.70
8.10
8.40
8.40
8.40
8.50
8.70
8.70
8.60
8.70
8.40
8.20
7.80
7.80
7.60
7.70
7.60
7.60
7.40
7.40
7.50
7.40
7.50
7.60
7.80
8.30
