-0.10
0.00
0.20
0.30
0.30
0.00
-0.30
-0.50
-0.60
-0.50
-0.40
-0.40
-0.50
-0.50
-0.30
-0.30
-0.50
-0.40
-0.30
-0.50
-0.40
-0.40
0.00
-0.10
-0.20
-0.10
-0.20
-0.30
-0.20
0.00
0.10
0.00
0.00
-0.10
0.00
-0.10
-0.50
-0.60
-0.40
0.30
4.00
8.00
9.20
10.20
10.70
10.50
10.00
9.80
9.50
8.80
8.60
8.50
8.40
8.00
7.60
7.50
8.00
8.30
8.30
8.60
8.70
8.50
8.50
8.40
8.10
7.80
7.60
7.70
7.50
7.60
7.70
7.70
7.90
7.90
8.10
8.20
7.70
4.20
-0.30
-1.30
0.30
0.40
-2.20
-3.50
-2.50
-1.40
-1.70
-1.90
-1.30
-0.20
0.10
0.20
0.20
0.20
0.50
0.50
0.50
0.30
0.30
0.30
0.30
0.00
-0.10
-0.30
-0.30
-0.20
-0.30
-0.20
0.00
-0.10
0.00
-0.30
-0.50
-0.60
-0.60
-0.40
-0.60
-0.60
-0.50
-0.30
-0.50
-0.50
-0.30
-0.30
-0.10
-0.20
0.00
0.00
-0.10
-0.30
0.00
-0.10
-0.40
0.00
0.20
-0.20
-0.10
-0.10
-0.20
2.40
7.30
10.10
9.60
9.30
9.50
9.80
9.00
8.50
8.90
9.10
8.80
8.40
8.00
7.90
7.60
7.70
7.90
7.90
8.10
7.90
7.90
7.80
7.80
7.80
7.70
7.80
7.80
7.80
7.90
8.10
8.10
8.40
8.30
8.30
8.40
8.10
5.80
1.20
-1.30
-0.90
-0.30
-1.40
-3.10
-3.60
-2.80
-2.00
-2.00
-1.90
-1.30
-0.40
0.00
0.00
0.00
0.10
0.60
0.90
0.40
0.30
0.70
0.70
0.50
0.40
0.30
-0.10
-0.10
-0.10
-0.30
-0.50
-0.20
-0.10
-0.10
0.00
0.20
0.30
0.40
0.60
0.80
0.80
0.40
0.00
-0.20
-0.10
-0.20
-0.40
-0.40
-0.40
-0.30
-0.40