0.00  -0.90
0.00  -0.90
0.00  -0.90
0.00  -0.90
0.00  -0.80
0.00  -0.70
0.00  -0.70
0.00  -0.60
0.00  -0.50
0.00  -0.40
0.00  -0.50
0.00  -0.60
0.00  -0.70
0.00  -0.70
0.00  -0.60
0.00  -0.60
0.00  -0.50
0.00  -0.20
0.00  0.00
0.00  1.60
3.00  3.60
3.00  5.10
3.00  5.80
3.00  5.90
6.00  6.10
6.00  7.10
6.00  8.20
6.00  9.10
9.00  9.20
9.00  9.50
9.00  10.30
9.00  11.50
12.00  12.70
12.00  13.50
12.00  13.20
12.00  12.50
12.00  11.90
12.00  11.70
12.00  11.70
12.00  11.60
12.00  11.40
12.00  11.40
12.00  11.60
12.00  11.80
12.00  11.90
12.00  12.00
12.00  12.20
12.00  12.00
12.00  11.70
12.00  11.40
12.00  11.40
12.00  11.30
12.00  11.50
12.00  11.70
12.00  12.00
12.00  12.00
12.00  11.90
12.00  11.80
12.00  12.10
12.00  12.30
12.00  12.10
12.00  11.70
12.00  11.40
12.00  11.20
12.00  11.30
12.00  11.60
12.00  11.80
12.00  11.80
12.00  11.70
12.00  12.00
