562 -0.20
592 -0.20
594 -0.30
596 -0.40
600 -0.40
610 -0.50
612 -0.50
612 -0.50
612 -0.60
612 -0.70
616 -0.80
626 -0.90
626 -0.90
630 -1.00
634 -1.00
638 -1.20
638 -1.20
644 -1.30
648 -1.40
648 -1.40
654 -1.20
652 -1.10
654 -1.00
654 -0.80
674 -0.70
674 -0.70
674 -0.80
688 -0.80
704 -0.90
718 -1.00
724 -1.10
744 -1.10
746 -1.20
748 -1.10
748 -1.10
746 -1.10
754 -1.20
770 -1.30
772 -1.60
780 -1.60
786 -1.80
792 -1.90
792 -1.80
796 -1.80
798 -1.40
798 -1.20
800 -1.10
802 -0.80
806 -0.40
806 -0.30
812 -0.10
814 0.10
834 0.50
834 0.50
834 0.40
834 0.30
832 0.40
834 0.60
834 0.90
832 1.20
832 1.50
832 1.70
834 1.70
832 1.50
836 1.50
834 1.60
836 1.70
848 1.80
850 1.80
848 1.90
850 1.90
850 1.80
852 1.40
860 0.90
860 0.10
860 -0.80
860 -1.30
858 -1.90
860 -2.40
860 -2.90
860 -3.30
860 -3.60
860 -3.80
860 -3.90
860 -3.90
862 -4.00
864 -4.10
872 -4.20
874 -4.10
880 -3.90
880 -3.60
880 -3.30
880 -3.00
886 -2.80
898 -2.20
896 -1.50
898 -0.50
898 0.50
898 1.20
898 1.70
898 1.80
896 1.90
896 2.30
900 2.80
898 3.20
900 3.00
898 2.60
898 2.30
900 2.20
900 2.00
900 1.60
900 1.00
900 0.10
914 -0.30
914 -0.50
914 -0.70
912 -1.30
912 -1.70
914 -1.70
918 -1.40
918 -1.50
916 -1.40
926 -1.10
924 -0.90
924 -1.30
924 -1.10
926 -0.80
926 -1.10
928 -1.20
928 -1.20
928 -1.20
930 -1.50
928 -1.40
930 -1.40
928 -1.60
928 -1.60
928 -1.70
930 -1.90
928 -2.10
928 -1.70
930 -1.90
930 -2.30
928 -2.40
928 -2.50
930 -2.80
930 -2.70
930 -2.70
930 -2.80
928 -2.90
928 -2.50
928 -2.10
928 -0.60
930 1.50
928 4.00
928 6.30
930 9.00
928 11.50
930 12.90
930 12.40
930 11.70
930 10.10
932 8.30
932 7.00
944 5.20
946 3.60
944 2.70
944 2.00
944 1.50
944 1.20
946 0.40
944 -0.30
944 -1.00
944 -1.50
944 -1.90
944 -2.40
944 -2.80
944 -3.10
944 -2.50
944 -0.20
944 2.50
944 6.10
942 9.40
942 12.70
942 15.40
938 16.30
938 15.50
940 14.00
940 11.70
940 9.70
940 7.80
942 5.80
942 4.50
942 3.20
942 1.90
942 0.80
944 -0.50
946 -1.30
944 -1.80
946 -2.20
952 -2.20
952 -2.80
952 -3.00
952 -3.70
952 -4.20
952 -4.40
954 -4.40
952 -3.80
952 -3.60
954 -2.90
952 -2.80
952 -2.50
950 -2.60
950 -2.30
950 -1.90
950 -2.10
950 -1.90
950 -2.00
950 -1.90
950 -1.70
952 -1.60
954 -1.50
954 -1.60
952 -1.80
952 -2.10
952 -2.50
964 -2.50
964 -2.50
974 -2.10
974 -2.00
974 -2.00
974 -2.00
974 -1.70
974 -1.80
974 -1.60
978 -1.60
986 -1.60
996 -1.60
996 -1.50
994 -1.40
994 -1.40
996 -1.50
994 -1.70
996 -1.70
996 -1.70
990 -1.80
992 -1.60
992 -0.60
994 0.90
992 2.50
994 4.30
994 6.20
994 7.90
994 9.30
994 10.50
994 11.50
994 12.30
994 13.40
994 14.50
994 15.60
994 15.90
994 16.20
994 16.00
994 15.90
994 15.90
994 15.60
994 15.40
994 15.20
994 14.70
994 14.40
994 14.40
994 15.10
994 15.30
994 15.40
996 15.20
996 15.00
994 14.60
994 14.40
994 14.40
994 14.60
994 14.50
994 14.90
996 14.10
996 12.40
996 10.80
994 9.30
996 7.70
996 6.30
996 5.00
996 3.60
1016 2.30
1010 1.60
1010 1.00
1008 0.40
1010 0.00
1008 -0.50
1008 -0.90
1008 -1.20
1008 -1.50
1008 -1.60
1010 -1.70
1008 -1.70
1006 -1.90
1008 -2.20
1006 -2.10
1006 -2.20
1008 -2.10
1008 -2.20
1008 -2.30
1006 -2.40
1008 -2.50
1008 -2.50
1008 -2.70
1006 -2.80
1008 -3.10
1008 -3.20
1006 -3.00
1006 -2.00
1008 -0.80
1006 0.50
1006 2.00
1006 3.50
1006 5.10
1008 7.40
1006 9.30
1006 11.60
1006 13.70
1006 15.60
1008 17.70
1006 19.80
1008 21.90
1006 23.70
1006 24.60
1006 23.00
1006 20.30
1006 17.20
1006 14.20
1006 11.20
1006 8.70
1006 6.40
1008 4.50
1006 3.00
1006 1.90
1006 0.90
1006 0.30
1006 -0.40
1006 -0.80
1006 -1.00
1006 -1.20
1006 -1.30
1006 -1.60
1006 -1.80
1006 -2.50
1006 -5.70
1006 -10.10
1006 -15.20
1006 -20.10
1006 -23.30
1006 -23.10
1006 -21.20
1010 -18.60
1022 -15.90
1018 -13.50
1018 -11.00
1016 -9.00
1014 -7.20
1014 -5.60
1014 -4.30
1012 -3.30
1012 -2.60
1012 -2.10
1012 -1.80
1010 -1.30
1010 -0.80
1010 -0.50
1004 -0.40
1000 -0.30
1000 -0.50
998 -0.70
1000 -0.80
998 -1.00
998 -0.80
1000 -1.00
1000 -1.50
1002 -1.90
1004 -2.20
1034 -2.20
1036 -2.00
1032 -2.00
1030 -1.90
1028 -1.80
1014 -1.90
1006 -1.80
976 -1.60
976 -1.50
976 -1.50
968 -1.60
932 -2.00
888 -1.80
824 -1.80
488 -2.00
146 -2.00
0 -2.10
0 -2.40
0 -2.60
0 -2.80
0 -3.00
0 -3.30
0 -3.50
0 -3.70
0 -3.80
0 -3.90
0 -4.00
0 -4.00
0 -4.00
0 -3.90
0 -3.80
0 -3.70
0 -3.60
0 -3.40
0 -3.20
0 -3.00
0 -2.80
0 -2.50
0 -2.30
0 -2.00
0 -1.70
0 -1.40
0 -1.10
0 -0.80
0 -0.50
0 -0.10
0 0.20
0 0.60
0 1.00
0 1.40
0 1.80
0 2.30
0 2.80
0 3.20
0 3.70
0 4.10
0 4.60
0 5.10
0 5.60
0 6.10
0 6.70
0 7.20
0 7.70
0 8.30
0 8.80
0 9.30
0 9.80
0 10.20
0 10.70
0 11.10
0 11.60
0 12.10
0 12.50
0 13.00
0 13.40
0 13.80
0 14.20
0 14.50
0 14.90
0 15.20
