
646 -2.20
646 -2.30
662 -2.40
666 -2.50
674 -2.50
688 -2.40
712 -2.30
720 -2.10
724 -2.10
724 -2.00
728 -1.90
736 -1.90
742 -1.70
746 -1.70
758 -1.50
768 -1.50
768 -1.30
774 -1.30
776 -1.10
788 -1.30
792 -1.30
796 -1.30
798 -1.60
800 -1.80
806 -1.90
812 -2.20
812 -2.30
812 -2.10
828 -2.20
830 -2.40
834 -2.40
834 -2.30
832 -2.20
834 -1.90
832 -1.70
836 -1.70
840 -1.70
840 -1.70
842 -1.50
842 -1.00
850 -0.60
852 -0.10
852 0.10
850 0.10
852 -0.10
854 -0.50
862 -1.00
862 -1.40
862 -1.60
862 -1.90
862 -2.30
862 -2.80
862 -3.30
862 -3.80
862 -4.20
870 -4.40
870 -4.50
870 -4.60
878 -4.70
880 -4.60
880 -4.20
880 -3.50
880 -2.70
882 -1.70
888 -1.10
894 -0.70
904 -0.10
912 1.00
920 1.90
924 2.10
928 2.20
928 2.30
928 1.90
928 1.10
930 0.40
930 0.20
934 -0.30
936 -0.20
934 -0.10
938 -0.50
938 -0.90
940 -0.90
942 -1.20
942 -1.50
944 -1.30
950 -1.70
950 -1.90
950 -1.90
950 -2.00
952 -1.70
956 -1.70
956 -1.80
956 -1.90
956 -2.20
958 -2.20
958 -2.50
974 -2.40
974 -2.50
972 -2.20
972 -2.00
972 -1.70
972 -1.30
974 -1.20
974 -1.10
972 -1.00
972 -0.70
974 -0.50
974 -0.50
974 -0.70
974 -0.90
974 -1.00
974 -1.00
974 -1.30
974 -1.40
974 -1.70
974 -1.90
974 -2.10
976 -2.50
974 -2.40
976 -2.80
976 -2.70
976 -2.60
976 -2.30
976 -2.10
976 -1.60
976 -1.20
976 -0.50
978 -0.10
976 0.30
984 0.20
990 -0.00
990 -0.10
990 -0.30
990 -0.80
990 -1.30
990 -2.00
992 -2.70
992 -3.20
994 -3.80
994 -4.00
994 -4.30
994 -4.10
994 -3.80
994 -3.20
994 -2.30
994 -1.40
994 -0.40
994 0.40
994 1.10
994 1.60
994 2.10
994 2.30
996 2.20
1000 2.00
1002 1.40
1002 1.10
1000 0.80
994 0.40
994 -0.00
994 -0.60
994 -1.20
994 -1.80
994 -2.10
988 -2.20
990 -2.70
990 -3.20
990 -3.60
992 -3.80
992 -4.00
990 -3.90
992 -3.80
992 -3.70
988 -3.70
988 -3.60
980 -3.20
972 -2.60
966 -2.00
966 -1.60
966 -1.20
970 -1.00
970 -0.60
970 -0.40
966 -0.10
964 -0.30
958 -0.50
962 -0.80
962 -1.10
962 -0.80
964 -1.10
964 -1.00
964 -1.60
964 -2.00
964 -2.50
966 -2.50
966 -2.70
966 -3.00
972 -3.20
970 -2.50
970 -0.60
970 1.40
966 3.60
966 5.30
966 6.90
966 8.20
966 9.40
968 10.70
966 11.50
966 12.20
968 12.30
966 12.40
966 12.40
966 12.70
968 12.60
966 12.50
966 12.20
966 11.60
966 11.30
968 10.80
968 10.40
968 9.80
966 8.90
968 8.10
968 7.60
966 7.60
968 7.30
970 7.40
970 7.30
972 7.20
972 7.20
972 7.60
970 8.40
972 9.80
970 10.60
970 11.10
970 11.50
970 11.60
970 11.60
970 11.30
970 11.40
970 11.00
968 11.00
968 10.70
970 10.20
968 9.90
968 9.60
968 9.70
968 9.60
968 9.90
968 9.80
968 10.10
968 10.30
968 10.50
968 10.60
968 10.50
968 10.50
968 10.50
966 10.80
968 10.70
966 10.80
966 10.40
966 10.10
976 10.20
976 8.70
974 7.60
974 6.00
976 4.50
976 2.70
974 1.30
974 0.10
974 -0.50
974 -1.60
974 -2.20
974 -3.00
974 -3.60
974 -3.90
974 -3.60
976 -3.50
974 -3.10
974 -3.10
974 -2.70
976 -2.50
976 -2.10
976 -1.80
976 -1.40
978 -1.30
976 -1.00
976 -1.10
976 -1.20
976 -1.60
976 -1.40
978 -1.50
978 -1.50
978 -1.80
980 -2.10
978 -2.90
978 -3.30
980 -3.80
982 -4.10
980 -4.20
982 -4.20
988 -4.40
988 -4.30
988 -4.30
988 -4.10
990 -3.70
988 -3.40
992 -3.00
992 -2.60
990 -1.60
992 -0.10
990 1.90
992 3.50
990 5.10
990 6.40
990 7.80
990 9.30
990 10.10
990 11.30
992 11.90
992 12.20
990 12.40
988 12.80
988 13.00
988 12.90
988 12.60
988 12.30
988 11.90
988 11.40
988 11.20
988 10.50
988 9.90
988 9.10
988 8.60
988 8.20
988 8.10
988 7.90
988 7.90
990 7.80
988 7.90
988 8.20
982 8.50
996 8.40
994 6.90
994 5.10
994 3.40
996 2.10
994 1.30
994 0.40
992 -0.20
994 -0.90
994 -1.60
994 -1.90
994 -2.20
994 -2.10
994 -2.30
994 -2.30
994 -2.50
994 -2.50
994 -2.20
994 -2.20
994 -2.20
994 -2.40
994 -2.70
994 -3.10
994 -3.20
992 -3.10
994 -3.20
994 -3.20
994 -3.20
994 -3.40
994 -3.30
994 -3.10
994 -2.50
994 -2.40
994 -2.30
994 -2.70
994 -3.00
994 -3.00
994 -3.20
994 -3.20
994 -3.40
992 -3.10
992 -2.00
992 0.70
994 4.40
992 9.00
994 14.30
994 18.90
994 23.60
992 28.30
992 31.10
990 31.00
994 28.70
992 24.60
994 19.80
994 15.30
994 11.20
994 7.80
994 5.10
994 2.50
994 0.70
994 -1.00
994 -2.10
994 -2.90
994 -3.40
994 -3.60
994 -3.70
994 -3.80
994 -4.00
994 -3.60
994 -2.70
994 -0.40
994 2.50
994 6.20
994 10.10
994 14.00
994 18.80
994 23.10
994 26.40
994 28.80
994 30.70
994 31.80
994 32.70
994 33.50
994 33.80
994 33.80
994 33.40
994 33.00
994 32.70
994 32.60
994 32.40
994 32.10
994 31.90
994 31.60
994 31.90
994 32.20
994 31.80
994 29.80
994 25.70
994 21.30
994 17.00
994 13.50
994 10.10
994 7.10
994 4.60
994 2.30
994 0.50
994 -1.10
994 -1.90
994 -2.50
994 -2.90
994 -3.30
994 -3.60
994 -3.70
994 -3.70
994 -3.10
994 -2.60
994 -2.10
994 -2.40
994 -3.80
994 -5.70
994 -8.60
994 -11.10
994 -13.90
994 -16.70
994 -19.10
994 -21.70
994 -23.90
994 -25.60
994 -24.50
994 -21.30
994 -18.00
994 -14.50
994 -11.40
994 -8.50
994 -6.20
994 -3.80
996 -1.90
996 -0.30
996 0.90
996 1.70
996 1.60
996 -0.70
996 -4.40
996 -8.20
996 -12.40
996 -16.50
994 -20.20
996 -23.60
996 -26.80
996 -29.30
996 -31.60
996 -33.20
998 -34.40
998 -35.40
998 -36.10
998 -36.70
996 -37.20
998 -37.80
998 -38.00
998 -38.40
998 -38.30
996 -38.00
996 -37.20
998 -34.90
996 -31.30
998 -27.40
996 -23.40
996 -19.30
998 -15.60
996 -11.60
996 -8.10
998 -4.80
996 -2.80
996 -1.10
998 0.20
994 1.00
988 1.70
932 2.10
906 2.70
876 2.60
836 2.50
686 2.40
506 2.10
264 1.50
58 0.70
