0.33
0.43
0.33
0.33
0.33
0.33
0.33
0.33
0.43
0.33
0.33
0.43
0.53
0.53
0.53
0.53
0.63
0.53
0.63
0.53
0.43
0.33
0.43
0.43
0.33
0.53
0.43
0.53
0.53
0.63
0.63
0.53
0.63
0.63
0.63
0.63
0.63
0.73
0.63
0.63
0.63
0.53
0.53
0.43
0.43
0.43
0.43
0.43
0.43
0.33
0.43
0.43
0.43
0.43
0.33
0.43
0.33
0.33
0.33
0.23
0.23
0.13
0.03
0.13
0.13
0.23
0.73
3.43
6.03
8.83
11.13
13.33
14.93
16.13
16.93
17.43
17.83
17.73
17.63
17.43
16.93
16.63
16.33
16.03
15.73
15.43
15.23
15.03
14.93
14.83
14.63
14.63
14.63
14.63
14.83
14.83
14.93
15.03
15.03
15.23
15.33
15.33
15.33
15.43
15.53
15.53
15.53
15.43
15.33
15.33
15.38
15.28
15.38
15.28
15.18
15.18
15.18
15.18
15.28
15.08
15.18
15.18
15.08
15.08
15.08
15.13
15.13
15.13
15.13
15.83
14.93
12.83
10.43
8.13
5.93
4.13
2.63
1.53
0.63
0.13
-0.02
-0.02
-0.02
0.08
0.08
0.28
0.38
0.48
0.58
0.58
0.78
0.98
0.98
1.08
1.08
1.18
1.08
1.08
1.08
1.08
1.18
1.18
1.18
1.28
1.38
1.48
1.48
1.38
1.38
1.28
1.18
1.18
1.08
1.08
0.98
0.98
0.98
0.98
1.08
1.18
1.18
1.28
1.28
1.38
1.48
1.38
1.38
1.18
1.18
1.08
0.98
0.98
0.98
0.88
0.88
0.88
0.88
0.88
0.98
0.88
0.98
0.98
0.98
0.88
0.88
0.68
0.68
0.78
0.58
0.58
0.58
0.48
0.58
0.68
0.78
0.68
0.78
0.78
0.88
0.88
0.78
0.68
0.68
0.58
0.58
0.58
0.58
0.58
0.58
0.68
0.33
3.23
5.73
8.43
10.93
12.93
14.63
15.93
16.83
17.43
17.73
17.73
17.63
17.43
17.13
16.83
16.53
16.13
16.03
15.83
15.43
15.33
15.03
14.93
14.73
14.73
14.73
14.63
14.73
14.73
14.83
14.93
15.03
15.13
15.13
15.33
15.33
15.33
15.43
15.43
15.43
15.53
15.43
15.53
15.53
15.53
15.63
15.63
15.73
15.73
15.83
15.63
15.63
15.53
15.63
15.63
15.63
15.73
15.73
15.73
15.63
15.63
15.63
15.53
15.93
14.73
12.43
10.03
7.73
5.63
3.93
2.33
1.23
0.38
-0.02
-0.32
-0.32
-0.42
-0.22
-0.02
0.18
0.28
0.48
0.58
0.78
0.78
0.78
0.88
0.78
0.88
0.88
0.88
0.88
0.88
0.88
0.88
0.78
0.78
0.78
0.58
0.58
0.58
0.68
0.58
0.58
0.68
0.68
0.68
0.68
0.58
0.58
0.58
0.58
0.58
0.48
0.58
0.58
0.48
0.68
0.68
0.78
0.88
0.98
1.08
1.08
1.08
1.18
1.08
1.08
0.98
0.98
0.98
0.98
0.98
1.08
1.08
1.08
0.98
1.08
1.08
1.08
1.08
1.08
1.08
1.08
0.88
0.88
0.98
0.88
0.78
0.88
0.78
0.78
0.88
0.88
0.88
0.88
0.88
0.88
0.78
0.78
0.78
0.78
0.78
0.78
0.88
0.88
0.88
0.78
0.68
0.48
0.48
0.38
0.38
0.48
0.48
0.48
0.58
0.48
0.48
0.48
0.48
0.48
0.38
0.48
0.48
0.48
0.68
0.78
0.68
0.78