-0.72
-0.72
-0.72
-0.72
-0.72
-0.72
-0.82
-0.82
-0.82
-0.82
-0.82
-0.82
-0.82
-0.82
-0.82
-0.92
-0.92
-1.02
-1.02
-1.02
-0.92
-0.92
-0.82
-0.82
-0.72
-0.72
-0.62
-0.52
-0.52
-0.42
-0.42
-0.32
-0.32
-0.22
-0.12
-0.12
-0.02
0.08
0.08
-0.02
-0.02
-0.12
-0.12
-0.22
-0.22
-0.22
-0.32
-0.32
-0.32
-0.22
-0.22
-0.22
-0.22
-0.22
-0.22
-0.22
-0.22
-0.12
-0.02
-0.02
-0.02
-0.02
0.08
0.08
0.08
0.18
0.28
0.28
0.28
0.38
0.38
0.38
0.48
0.48
0.48
0.48
0.58
0.58
0.58
0.68
0.68
0.68
0.68
0.68
0.78
0.78
0.78
0.78
0.78
0.78
0.88
0.88
0.88
0.98
0.88
0.88
0.98
0.88
0.98
0.98
0.98
0.98
0.98
0.98
0.98
0.98
0.98
0.98
0.98
0.98
0.98
0.98
0.98
0.98
0.88
0.88
0.88
0.88
0.78
0.78
0.78
0.78
0.78
0.78
0.78
0.78
0.78
0.78
0.68
0.68
0.78
0.68
0.78
0.78
0.78
0.78
0.78
0.78
0.78
0.88
0.88
0.78
0.78
0.88
0.98
0.98
0.98
1.08
1.08
1.08
1.18
1.08
1.08
0.98
0.88
0.78
0.78
0.78
0.68
0.78
0.68
0.78
0.68
0.68
0.58
0.58
0.48
0.48
0.48
0.48
0.48
0.48
0.38
0.38
0.38
0.48
0.48
0.58
0.58
0.58
0.58
0.58
0.58
0.58
0.58
0.58
0.68
0.58
0.58
0.48
0.68
0.68
0.68
0.68
0.68
0.58
0.58
0.48
0.48
0.48
0.48
0.48
0.48
0.58
0.58
0.68
0.78
0.68
0.68
0.68
0.58
0.58
0.48
0.48
0.38
0.48
0.58
0.48
0.58
0.58
0.48
0.48
0.38
0.48
0.38
0.38
0.38
0.48
0.48
0.58
0.58
0.68
0.58
0.68
0.68
0.58
0.58
0.48
0.58
0.48
0.38
0.38
0.28
0.18
0.18
0.08
0.08
0.08
0.08
0.18
0.08
0.08
-0.02
-0.02
-0.12
-0.12
-0.02
-0.12
0.08
0.08
0.18
0.18
-0.52
1.48
4.08
6.48
9.08
11.58
13.28
14.88
15.98
16.98
17.48
17.78
17.88
17.78
17.48
17.28
17.08
16.78
16.38
16.08
15.78
15.48
15.28
15.18
15.08
14.98
14.98
14.98
15.08
15.08
15.28
15.38
15.38
15.48
15.38
15.38
15.38
15.38
15.38
15.28
15.38
15.28
15.18
15.18
15.18
15.18
15.28
15.08
15.18
15.18
15.08
15.08
15.08
15.08
15.08
15.08
15.08
15.08
15.08
15.18
15.18
15.18
15.18
15.28
15.28
15.28
15.28
15.28
15.38
15.38
15.38
15.48
15.38
15.58
15.48
15.48
15.58
15.58
15.68
15.78
15.68
15.68
15.68
15.58
15.48
15.48
15.48
15.38
15.38
15.38
15.38
15.48
15.48
15.58
15.58
15.58
15.68
16.08
14.98
12.98
10.78
8.38
6.38
4.48
3.08
1.78
0.98
0.48
-0.02
-0.02
-0.02
0.08
0.08
0.28
0.38
0.48
0.58
0.58
0.78
0.98
0.98
1.08
1.08
1.18
1.08
1.08
1.08
1.08
1.18
1.18
1.18
1.28
1.38
1.48
1.48
1.38
1.38
1.28
1.18
1.18
1.08
1.08
0.98
0.98
0.98
0.98
1.08
1.18
1.18
1.28
1.28
1.38
1.48
1.38
1.38
1.18
1.18
1.08
0.98
0.98
0.98
0.88
0.88
0.88
0.88
0.88
0.98
0.88
0.98
0.98
0.98
0.88
0.88
0.68
0.68
0.78
0.58
0.58
0.58
0.48
0.58
0.68
0.78
0.68
0.78
0.78
0.88
0.88
0.78
0.68
0.68
0.58
0.58
0.58
0.58
0.58
0.58
0.68
0.78
0.78
0.88
0.78
0.68
0.78
-0.12
1.48
4.08
6.08
8.48
10.78
12.88
14.38
15.58
16.58
17.28
17.78
17.98
17.98
17.98
17.68
17.28
16.98
16.48
16.18
15.88
15.48
15.18
14.78
14.58
14.48
14.48
14.48
14.48
14.58
14.68
14.68
14.88
14.98
15.08
15.18
15.28
15.38
15.48
15.48
15.48
15.58
15.48
15.48
15.38
15.38
15.38
15.38
15.38
15.28
15.28
15.28
15.18
15.28
15.18
15.28
15.18
15.18
15.18
14.98
14.98
14.98
14.88
14.88
14.88
14.98
14.98
15.08
15.18
15.28
15.38
15.38
15.58
15.68
15.58
15.78
15.78
15.68
15.68
15.58
15.68
15.48
15.38
15.18
15.18
15.08
15.08
15.08
15.08
15.08
15.08
15.18
15.28
15.38
15.48
15.58
15.58
15.68
15.68
15.88
15.88
15.98
16.08
16.08
16.08
15.98
15.98
15.88
15.88
15.88
15.88
15.78
15.78
15.68
15.68
15.68
15.78
15.68
15.68
16.18
15.08
12.98
10.68
8.48
6.38
4.58
3.18
1.98
1.08
0.38
-0.02
-0.32
-0.32
-0.42
-0.22
-0.02
0.18
0.28
0.48
0.58
0.78
0.78
0.78
0.88
0.78
0.88
0.88
0.88
0.88
0.88
0.88
0.88
0.78
0.78
0.78
0.58
0.58
0.58
0.68
0.58
0.58
0.68
0.68
0.68
0.68
0.58
0.58
0.58
0.58
0.58
0.48
0.58
0.58
0.48
0.68
0.68
0.78
0.88
0.98
1.08
1.08
1.08
1.18
1.08
1.08
0.98
0.98
0.98
0.98
0.98
1.08
1.08
1.08
0.98
1.08
1.08
1.08
1.08
1.08
1.08
1.08
0.88
0.88
0.98
0.88
0.78
0.88
0.78
0.78
0.88
0.88
0.88
0.88
0.88
0.88
0.78
0.78
0.78
0.78
0.78
0.78
0.88
0.88
0.88
0.78
0.68
0.48
0.48
0.38
0.38
0.48
0.48
0.48
0.58
0.48
0.48
0.48
0.48
0.48
0.38
0.48
0.48
0.48
0.68
0.78
0.68
0.78
