-0.471588
-0.471588
-0.471588
-0.471588
-0.471588
-0.471588
-0.471588
-0.471588
-0.471588
-0.471588
-0.422150
-1.240631
-3.948761
-7.288605
-10.447174
-12.314850
-13.380524
-14.012238
-14.380280
-14.572540
-14.600006
-14.610992
-14.621979
-14.627472
-14.638458
-14.643951
-14.649445
-14.654938
-14.660431
-14.665924
-14.671417
-14.676910
-14.682404
-14.687897
-14.693390
-14.693390
-14.698883
-14.704376
-14.704376
-14.709869
-14.715363
-14.715363
-14.720856
-14.726349
-14.726349
-14.731842
-14.731842
-14.737335
-14.742828
-14.742828
-14.748322
-14.753815
-14.753815
-14.759308
-14.764801
-14.764801
-14.770294
-14.770294
-14.770294
-14.775787
-14.775787
-14.781281
-14.786774
-14.786774
-14.792267
-14.792267
-14.797760
-14.797760
-14.797760
-14.803253
-14.803253
-14.803253
-14.803253
-14.803253
-14.803253
-14.803253
-14.803253
-14.803253
-14.803253
-14.803253
-14.803253


