-0.209145
-0.209145
-0.209145
-0.209145
-0.209145
-0.209145
-0.209145
-0.209145
-0.209145
-0.209145
-0.187172
-0.752968
-3.093056
-6.833900
-11.470131
-16.254677
-20.863441
-24.022011
-25.642494
-26.559853
-27.098183
-27.317909
-27.350868
-27.383827
-27.411293
-27.433266
-27.455238
-27.471718
-27.488197
-27.504677
-27.521156
-27.537636
-27.548622
-27.559608
-27.576088
-27.587074
-27.598061
-27.603554
-27.614540
-27.625526
-27.631020
-27.642006
-27.652992
-27.658485
-27.663979
-27.669472
-27.680458
-27.685951
-27.691444
-27.696938
-27.702431
-27.707924
-27.713417
-27.718910
-27.724403
-27.724403
-27.729897
-27.729897
-27.735390
-27.740883
-27.746376
-27.751869
-27.757362
-27.762856
-27.768349
-27.779335
-27.784828
-27.790321
-27.795815
-27.801308
-27.806801
-27.812294
-27.817787
-27.823280
-27.828773
-27.834267
-27.834267
-27.834267
-27.834267
-27.834267
-27.834267
-27.834267
-27.834267
-27.834267
-27.834267
-27.834267
-27.834267
-27.834267
-27.834267
-27.834267
-27.834267
-27.834267
-27.834267
-27.834267
-27.834267
-27.834267
-27.834267
-27.834267
-27.834267



