-0.228771
-0.228771
-0.228771
-0.228771
-0.228771
-0.228771
-0.228771
-0.228771
-0.228771
-0.228771
-0.234264
-1.437267
-4.425549
-8.545422
-13.275036
-18.427624
-23.755993
-28.979992
-33.923840
-37.346081
-38.994030
-39.746593
-40.059704
-40.175060
-40.295910
-40.328869
-40.356335
-40.383801
-40.405773
-40.433239
-40.460705
-40.488171
-40.515636
-40.537609
-40.559582
-40.581554
-40.603527
-40.625500
-40.641979
-40.663952
-40.680431
-40.696911
-40.713390
-40.729870
-40.746349
-40.762829
-40.784801
-40.801281
-40.817760
-40.828747
-40.845226
-40.856213
-40.872692
-40.883678
-40.900158
-40.911144
-40.922131
-40.938610
-40.949596
-40.960583
-40.977062
-40.988049
-40.999035
-41.010021
-41.021008
-41.031994
-41.042980
-41.053967
-41.064953
-41.075939
-41.081432
-41.092419
-41.103405
-41.114391
-41.125378
-41.130871
-41.136364
-41.147350
-41.158337
-41.163830
-41.174816
-41.180309
-41.191296
-41.196789
-41.207775
-41.213268
-41.224255
-41.224255
-41.224255
-41.224255
-41.224255
-41.224255
-41.224255
-41.224255
-41.224255
-41.224255
-41.224255
-41.224255
-41.224255
-41.224255
-41.224255
-41.224255
-41.224255
-41.224255
-41.224255
-41.224255
-41.224255
-41.224255
-41.224255
-41.224255
-41.224255
-41.224255

