-1.177075  -3.365552  47.955429 
ok
-0.472519
-0.472519
-0.472519
-0.472519
-0.472519
-0.472519
-0.472519
-0.472519
-0.472519
-0.472519
-0.472519
-0.472519
-0.472519
-0.472519
-0.472519
-0.472519
-0.472519
-0.472519
-0.472519
-0.472519
-0.472519
-0.472519
-0.472519
-0.472519
-0.472519
-0.472519
-0.445053
-0.686752
-2.625839
-6.135971
-10.662338
-15.672104
-21.044418
-26.510117
-31.909897
-37.111923
-42.116196
-46.637070
-49.372665
-50.762436
-51.575424
-52.113754
-52.338974
-52.393906
-52.443344
-52.487289
-52.503769
-52.525742
-52.547714
-52.564194
-52.580673
-52.597153
-52.613632
-52.624619
-52.641098
-52.652084
-52.663071
-52.679550
-52.690536
-52.701523
-52.712509
-52.723495
-52.734482
-52.745468
-52.756454
-52.767441
-52.778427
-52.789413
-52.800400
-52.811386
-52.816879
-52.827866
-52.838852
-52.849838
-52.855331
-52.866318
-52.877304
-52.888290
-52.893784
-52.904770
-52.910263
-52.921249
-52.932236
-52.937729
-52.948715
-52.954208
-52.965195
-52.970688
-52.976181
-52.987167
-52.992661
-53.003647
-53.009140
-53.014633
-53.025620
-53.031113
-53.036606
-53.047592
-53.047592
-53.047592
-53.047592
-53.047592
-53.047592
-53.047592
-53.047592
-53.047592
-53.047592
-53.047592
-53.047592
-53.047592
-53.047592
-53.047592
-53.047592
-53.047592
-53.047592
-53.047592
-53.047592
-53.047592
-53.047592
-53.047592
-53.047592
-53.047592
-53.047592
-53.047592
-53.047592
-53.047592
-53.047592
-53.047592
-53.047592
-53.047592
-53.047592
-53.047592
-53.047592
-53.047592
-53.047592
-53.047592
-53.047592
-53.047592
-53.047592
-53.047592
-53.047592
-53.047592
-53.047592
-53.047592
-53.047592
-53.047592
-53.047592
-53.047592
-53.047592
-53.047592
-53.047592
-53.047592
-53.047592
-53.047592
-53.047592
-53.047592
-53.047592
-53.047592
-53.047592
-53.047592
-53.047592
-53.047592
-53.047592
-53.047592
-53.047592
-53.047592
-53.047592
-53.047592
-53.047592
-53.047592
-53.047592
-53.047592
-53.047592
-53.047592
-53.047592
-53.047592
-53.047592
-53.047592
-53.047592
-53.047592
-53.047592
-53.047592
-53.047592
-53.047592
-53.047592
-53.047592
-53.047592
-53.047592
-53.047592
-53.047592
-53.047592
-53.047592
-53.047592
-53.047592
-53.047592
-53.047592
-53.047592
-53.047592
-53.047592
-53.047592
-53.047592
-53.047592
-53.047592
-53.047592
-53.047592
-53.047592
-53.047592
-53.047592
-53.047592
-53.047592
-53.047592
-53.047592
-53.047592
-53.047592
-53.047592
-53.047592
-53.047592
