0
0
1
1
1
1
1
1
1
1
60
60
60
60
60
60
60
77
77
77
77
77
90
90
90
90
90
99
99
99
99
99
106
106
106
106
106
109
109
109
109
112
112
112
112
115
115
115
121
121
121
125
125
125
125
127
127
127
130
130
130
130
131
131
131
131
134
134
134
134
135
135
135
137
137
137
137
138
138
138
138
139
139
139
141
141
141
141
142
142
142
143
143
143
143
143
143
143
144
144
144
145
145
145
145
146
146
146
147
147
147
147
147
147
147
148
148
148
149
149
149
149
149
149
149
149
149
149
150
150
150
150
149
149
149
151
151
151
151
151
151
151
151
151
151
151
151
151
151
151
151
151
152
152
152
152
152
152
152
152
152
153
153
153
153
152
152
152
153
153
153
153
153
153
153
153
153
153
153
153
153
153
153
153
154
154
154
154
154
154
154
153
153
153
154
154
154
154
154
154
153
153
153
153
154
154
154
154
154
154
154
154
154
154
154
154
154
154
154
154
154
154
154
154
154
154
154
154
154
154
154
154
154
154
154
154
154
154
154
154
154
154
154
154
154
154
154
154
154
154
154
154
154
154
154
154
154
154
154
154
154
154
154
154
154
154
154
154
153
153
153
153
154
154
154
154
154
154
153
153
153
154
154
154
154
154
154
154
153
153
153
154
154
154
154
154
154
154
153
153
153
154
154
154
153
153
153
153
153
153
153
153
153
153
153
153
153
153
153
153
153
153
150
150
150
150
150
150
150
150
150
150
150
150
150
150
150
150
150
150
150
150
149
149
149
149
150
150
150
150
150
150
150
150
150
150
150
150
150
150
150
150
150
150
150
150
150
150
150
149
149
149
150
150
150
150
150
150
150
150
150
150
150
150
150
150
150
150
150
150
150
150
150
150
150
150
150
150
150
150
150
150
150
150
150
150
150
150
150
150
150
150
150
150
150
150
150
150
150
150
150
150
150
150
150
150
150
150
150
149
149
149
150
150
150
150
150
150
150
150
150
150
149
149
149
150
150
150
150
150
150
150
150
150
150
150
150
150
150
149
149
149
149
149
149
150
150
150
150
149
149
149
149
149
149
149
149
149
149
149
149
149
149
149
149
149
149
149
149
149
149
149
149
149
149
149
149
149
149
149
149
149
149
149
149
149
149
149
149
149
149
149
149
149
149
149
149
149
149
148
148
148
149
149
149
149
149
149
149
148
148
148
147
147
147
147
144
144
144
143
143
143
143
141
141
141
141
138
138
138
136
136
136
136
134
134
134
134
132
132
132
132
130
130
130
128
128
128
128
125
125
125
125
123
123
123
123
123
121
121
121
121
119
119
119
119
116
116
116
116
114
114
114
114
114
111
111
111
111
109
109
109
109
109
106
106
106
106
106
104
104
104
104
104
101
101
101
101
101
99
99
99
99
99
96
96
96
96
96
93
93
93
93
93
93
91
91
91
91
91
89
89
89
89
89
89
86
86
86
86
86
86
84
84
84
84
84
84
81
81
81
81
81
81
81
79
79
79
79
79
79
76
76
76
76
76
76
76
73
73
73
73
73
73
73
71
71
71
71
71
71
71
68
68
68
68
68
68
68
68
65
65
65
65
65
65
65
65
62
62
62
62
62
62
62
62
59
59
59
59
59
59
59
59
59
56
56
56
56
56
56
56
56
56
56
52
52
52
52
52
52
52
52
52
52
49
49
49
49
49
49
49
49
49
49
49
46
46
46
46
46
46
46
46
46
46
46
42
42
42
42
42
42
42
42
42
42
42
42
42
38
38
38
38
38
38
38
38
38
38
38
38
38
38
38
34
34
34
34
34
34
34
34
34
34
34
34
34
34
34
34
34
29
29
29
29
29
29
29
29
29
29
29
29
29
29
29
29
29
29
29
29
29
23
23
23
23
23
23
23
23
23
23
23
23
23
23
23
23
23
23
23
23
23
23
23
23
23
23
23
23
23
23
16
16
16
16
16
16
16
16
16
16
16
16
16
16
16
16
16
16
16
16
16
16
16
16
16
16
16
16
16
16
16
16
16
16
16
16
16
16
16
16
16
16
16
16
16
16
16
16
16
16
16
16
16
16
16
16
16
16
16
16
16
16
16
16
16
16
16
16
16
16
16
