3
3
3
3
3
3
3
3
3
3
3
3
3
3
3
3
64
64
64
64
64
64
64
64
64
64
64
64
82
82
82
82
82
82
82
82
82
82
94
94
94
94
94
94
94
94
94
94
102
102
102
102
102
102
102
102
102
109
109
109
109
109
109
109
109
109
113
113
113
113
113
113
113
113
113
115
115
115
115
115
115
115
115
117
117
117
117
117
117
117
117
120
120
120
120
120
120
120
120
120
123
123
123
123
123
123
123
126
126
126
126
126
126
126
126
128
128
128
128
128
128
128
128
130
130
130
130
130
130
130
132
132
132
132
132
132
132
132
134
134
134
134
134
134
134
136
136
136
136
136
136
136
137
137
137
137
137
137
137
137
138
138
138
138
138
138
138
140
140
140
140
140
140
140
141
141
141
141
141
141
141
142
142
142
142
142
142
142
143
143
143
143
143
143
143
144
144
144
144
144
144
144
145
145
145
145
145
145
145
145
145
145
145
145
145
146
146
146
146
146
146
146
147
147
147
147
147
147
147
147
147
147
147
147
147
147
148
148
148
148
148
148
149
149
149
149
149
149
149
149
149
149
149
149
149
149
149
149
149
149
149
149
150
150
150
150
150
150
150
150
150
150
150
150
150
150
150
150
150
150
150
150
